14
0 52.23706482983425 6.861043328393767 false
1 52.237090924668784 6.861010749880126 false
2 52.23708098709841 6.86103743785743 false
3 52.237069062013965 6.861069463430194 false
4 52.237057633808035 6.8611001546040935 false
5 52.23713680091752 6.861056300005327 false
6 52.23712686334715 6.861082987982631 false
7 52.2371149382627 6.861115013555395 false
8 52.23710351005677 6.861145704729293 false
9 52.23719185241601 6.861110960155568 false
10 52.23718191484564 6.861137648132872 false
11 52.23716998976119 6.861169673705636 false
12 52.23715856155526 6.861200364879536 false
13 52.23717694606045 6.861150992121523 true
0 2 3
1 2 5
2 0 1 3 6
3 0 2 4 7
4 3 8
5 1 6 9
6 2 5 7 10
7 3 6 8 11
8 4 7 12
9 5 10
10 6 9 13
11 7 12 13
12 8 11
13 10 11
